0.000000000000000000e+00
3.214928209253825031e+01
3.809777022648947309e+01
1.000000000000000000e+02
2.541329703089540004e+01
3.316768855466801824e+01
1.000000000000000000e+02
3.344938857391786513e+01
3.185047916365784459e+01
3.348947009482064630e+01
4.040955966700869340e+01
7.500000000000000000e+01
3.276414495739906130e+01
3.589979085011852789e+01
8.000000000000000000e+01
1.325980091549708995e+01
2.921928677803330032e+01
8.333333333333332860e+01
2.181324437191280552e+01
3.571388526238751382e+01
8.571428571428570820e+01
2.879061688843195554e+01
2.676397699991588297e+01
3.328295864228787337e+01
3.779201644414138173e+01
7.777777777777777146e+01
2.292937908222150867e+01
3.159730975635948980e+01
8.000000000000000000e+01
2.970625004794447577e+01
3.008958739930926640e+01
8.181818181818181301e+01
2.800524411709642436e+01
2.496635453537464855e+01
3.359936995304508400e+01
3.732677879166575252e+01
7.692307692307691980e+01
2.945416827147072425e+01
3.049868891550585914e+01
7.857142857142856940e+01
2.934774103978368842e+01
3.104487353340719835e+01
8.000000000000000000e+01
2.342088008224544637e+01
2.546204355587183699e+01
8.125000000000000000e+01
2.614006092691588279e+01
1.488319977205034306e+01
2.186458834881689839e+01
3.534167435993460060e+01
7.777777777777777146e+01
2.847894455955045601e+01
3.760724409416745573e+01
7.894736842105263008e+01
1.145137773316599095e+01
1.848543578321899261e+01
8.000000000000000000e+01
0.000000000000000000e+00
2.792500918955318312e+01
3.523665559981248663e+01
1.000000000000000000e+02
2.882359363089830850e+01
3.574409042427757299e+01
1.000000000000000000e+02
2.765042507463071075e+01
3.707215403424261524e+01
1.000000000000000000e+02
3.448801831564494336e+01
3.846072772037997112e+01
1.000000000000000000e+02
3.294915838471415270e+01
3.714995494867689985e+01
1.000000000000000000e+02
1.988532839447089628e+01
2.318536858415424362e+01
1.000000000000000000e+02
2.969883072009356084e+01
3.615476195002262472e+01
1.000000000000000000e+02
2.011649293195835853e+01
1.618608552881952178e+01
3.358155749259562839e+01
3.872635084334383748e+01
8.888888888888888573e+01
2.761605740684909449e+01
1.746426205927105002e+01
2.886364512042999309e+01
3.255069588180702311e+01
8.181818181818181301e+01
2.714810434888035573e+01
1.604166456461820189e+01
2.961227958130266558e+01
3.647900265986727675e+01
7.692307692307691980e+01
1.633149518078748486e+01
2.758407822641702722e+01
7.857142857142856940e+01
2.825312921933409172e+01
3.624828686680757528e+01
8.000000000000000000e+01
2.200171724015586250e+01
3.270628123389236208e+01
8.125000000000000000e+01
2.021743314274803893e+01
1.508906872332164184e+01
2.683952069214042879e+01
3.269224810007674620e+01
7.777777777777777146e+01
2.865104226776760044e+01
3.365886084859838689e+01
7.894736842105263008e+01
1.637346475897239273e+01
3.076320731693956745e+01
8.000000000000000000e+01
0.000000000000000000e+00
2.762602625086420005e+01
3.749113674367959703e+01
1.000000000000000000e+02
2.953893695368249084e+01
3.241106131038766591e+01
1.000000000000000000e+02
2.588433662156058190e+01
3.292258997496460182e+01
1.000000000000000000e+02
3.238891887851024620e+01
3.940456804576665917e+01
1.000000000000000000e+02
3.298894097228674838e+01
3.407411322649175389e+01
1.000000000000000000e+02
2.606860517638857289e+01
1.906383602725822612e+01
2.667139865533743759e+01
3.436308197786443941e+01
8.571428571428570820e+01
2.297259641073178571e+01
3.402164310964319327e+01
8.750000000000000000e+01
3.274391247283942619e+01
3.706695161534095462e+01
8.888888888888888573e+01
2.592889846231455664e+01
2.897783017728278665e+01
9.000000000000000000e+01
3.023248846202415052e+01
2.497835575094549654e+01
2.240566958085374694e+01
1.969147208220300271e+01
2.638330244797444379e+01
3.165102060117472504e+01
7.692307692307691980e+01
2.379844953898226834e+01
3.441473213942350640e+01
7.857142857142856940e+01
2.837087192499499011e+01
3.668450282396669593e+01
8.000000000000000000e+01
2.988907393367983900e+01
2.509909445739882727e+01
2.770530755714405302e+01
2.144900023802549427e+01
2.711571505803830107e+01
3.194088425784299545e+01
7.222222222222222854e+01
2.960263381659795101e+01
2.995357052287965161e+01
7.368421052631579471e+01
2.246785362970440048e+01
3.136282749770429490e+01
7.500000000000000000e+01
0.000000000000000000e+00
2.609165842910518762e+01
3.075518032480297492e+01
1.000000000000000000e+02
2.466538199926252517e+01
3.831725078373967364e+01
1.000000000000000000e+02
3.354818695902081060e+01
3.554214613918473731e+01
1.000000000000000000e+02
3.365621833235247351e+01
4.000130343713988168e+01
1.000000000000000000e+02
3.164723750821728032e+01
3.371858769264476763e+01
1.000000000000000000e+02
2.037937095609794014e+01
2.814398254216709105e+01
1.000000000000000000e+02
1.970796549017173760e+01
3.610731455681843016e+01
1.000000000000000000e+02
2.275870396646302041e+01
1.816995708982939206e+01
3.274391391178355093e+01
3.809318505329849813e+01
8.888888888888888573e+01
2.399272071517256677e+01
2.032405530209847200e+01
2.227148484719554489e+01
2.294227982201705274e+01
8.181818181818181301e+01
3.042470440921747254e+01
2.265622905056472192e+01
3.308419791641982499e+01
3.298583369764189399e+01
1.695716979565846216e+01
2.381964781534560416e+01
7.142857142857143060e+01
2.517821253863933606e+01
3.644220707353816380e+01
7.333333333333332860e+01
1.975593454379832181e+01
2.274113751106612114e+01
7.500000000000000000e+01
2.406744754802000230e+01
2.459264809174066002e+01
7.647058823529411598e+01
2.883230532068721885e+01
3.400400614491916684e+01
7.777777777777777146e+01
2.808920321432027478e+01
3.214555919804362816e+01
7.894736842105263008e+01
2.721110765666778164e+01
2.336305824016521271e+01
0.000000000000000000e+00
2.885653749838257909e+01
3.288195345605598874e+01
1.000000000000000000e+02
2.889036356657087623e+01
3.376085659248504101e+01
1.000000000000000000e+02
2.817105403151339615e+01
3.322441665885226314e+01
1.000000000000000000e+02
3.375070794395706031e+01
3.866469125971946141e+01
1.000000000000000000e+02
3.172023913101856962e+01
3.889605032677319940e+01
1.000000000000000000e+02
1.568397087857225003e+01
3.022353829293903615e+01
1.000000000000000000e+02
2.374393482062902194e+01
3.616501443403476657e+01
1.000000000000000000e+02
3.000058831517516822e+01
2.682931227313295963e+01
3.379120502797265146e+01
3.725075797339159323e+01
8.888888888888888573e+01
2.524755165740597818e+01
2.583968540961254945e+01
9.000000000000000000e+01
3.054080801350316676e+01
2.908855649969346047e+01
2.942276689141605672e+01
2.203724330110711449e+01
2.998533755201743745e+01
3.312577519312214491e+01
7.692307692307691980e+01
2.070611373123941590e+01
2.663654036864890173e+01
7.857142857142856940e+01
2.920947323387241923e+01
3.788904087319252767e+01
8.000000000000000000e+01
3.020060937007811219e+01
3.101150865375218757e+01
8.125000000000000000e+01
2.013042050759599277e+01
2.186776608882745521e+01
8.235294117647059409e+01
2.820679916263096487e+01
2.994048593095038058e+01
8.333333333333332860e+01
2.809546270455480155e+01
3.649404563843430083e+01
8.421052631578947967e+01
1.930713046089650931e+01
2.888482204905439588e+01
8.500000000000000000e+01
0.000000000000000000e+00
2.593705314428598285e+01
3.108382827287160310e+01
1.000000000000000000e+02
3.180390318749997292e+01
3.557327574289406869e+01
1.000000000000000000e+02
3.288548513635092263e+01
3.769829945091165513e+01
1.000000000000000000e+02
3.449703815885136038e+01
4.004702722471853349e+01
1.000000000000000000e+02
3.459561990394561093e+01
3.297903331687068373e+01
